 Year Numtiles Num_w_modice         Region    MODICE_area_km^2      MODICE_NS_km^2          water_km^2
 2000       58            5        Sib+Kam              1654.8                 0.0             11066.3
 2001       58            5        Sib+Kam              1292.5                 0.0             11066.3
 2002       58            5        Sib+Kam              1627.8                 0.0             11066.3
 2003       58            5        Sib+Kam              1202.5                 0.0             11066.3
 2004       58            5        Sib+Kam              2573.8                 0.0             11066.3
 2005       58            5        Sib+Kam              1442.3                 0.0             11066.3
 2006       58            5        Sib+Kam              1037.2                 0.0             11066.3
 2007       58            5        Sib+Kam              1073.9                 0.0             11066.3
 2008       58            5        Sib+Kam              1035.1                 0.0             11066.3
 2009       58            5        Sib+Kam               766.3                 0.0             11066.3
 2010       58            5        Sib+Kam               556.0                 0.0             11066.3
 2011       58            5        Sib+Kam               776.2                 0.0             11066.3
 2012       58            5        Sib+Kam               785.2                 0.0             11066.3
 2013       58            5        Sib+Kam               975.4                 0.0             11066.3
 2014       58            5        Sib+Kam               519.0                 0.0             11066.3
