 Year Numtiles Num_w_modice         Region    MODICE_area_km^2      MODICE_NS_km^2          water_km^2
 2000       58            2        Tib+Qil              5972.9                 0.0              4230.1
 2001       58            2        Tib+Qil              5403.4                 0.0              4230.1
 2002       58            2        Tib+Qil              6001.9                 0.0              4230.1
 2003       58            2        Tib+Qil              6469.0                 0.0              4230.1
 2004       58            2        Tib+Qil              6039.2                 0.0              4230.1
 2005       58            2        Tib+Qil              6577.1                 0.0              4230.1
 2006       58            2        Tib+Qil              5380.6                 0.0              4230.1
 2007       58            2        Tib+Qil              5952.1                 0.0              4230.1
 2008       58            2        Tib+Qil              6783.4                 0.0              4230.1
 2009       58            2        Tib+Qil              6382.7                 0.0              4230.1
 2010       58            2        Tib+Qil              4762.0                 0.0              4230.1
 2011       58            2        Tib+Qil              5808.7                 0.0              4230.1
 2012       58            2        Tib+Qil              6180.2                 0.0              4230.1
 2013       58            2        Tib+Qil              4922.8                 0.0              4230.1
 2014       58            2        Tib+Qil              5225.7                 0.0              4230.1
