 Year Numtiles Num_w_modice         Region    MODICE_area_km^2      MODICE_NS_km^2          water_km^2
 2000       58            5        Him+Kar             23320.9                 3.9              2700.2
 2001       58            5        Him+Kar             20568.2                 3.9              2700.2
 2002       58            5        Him+Kar             22744.6                 3.9              2700.2
 2003       58            5        Him+Kar             22530.1                 3.9              2700.2
 2004       58            5        Him+Kar             22031.3                 3.9              2700.2
 2005       58            5        Him+Kar             21055.9                 3.9              2700.2
 2006       58            5        Him+Kar             18208.0                 3.9              2700.2
 2007       58            5        Him+Kar             19603.3                 3.9              2700.2
 2008       58            5        Him+Kar             22345.8                 3.9              2700.2
 2009       58            5        Him+Kar             18784.4                 3.9              2700.2
 2010       58            5        Him+Kar             21292.0                 3.9              2700.2
 2011       58            5        Him+Kar             18287.2                 3.9              2700.2
 2012       58            5        Him+Kar             20075.1                 3.9              2700.2
 2013       58            5        Him+Kar             16417.7                 3.9              2700.2
 2014       58            5        Him+Kar             20127.5                 3.4              2700.2
