 Year Numtiles Num_w_modice         Region    MODICE_area_km^2      MODICE_NS_km^2          water_km^2
 2000       58            2        Pam+Kun             39364.5                 0.0              2904.5
 2001       58            2        Pam+Kun             34042.1                 0.0              2904.5
 2002       58            2        Pam+Kun             40778.7                 0.0              2904.5
 2003       58            2        Pam+Kun             43537.5                 0.0              2904.5
 2004       58            2        Pam+Kun             48617.8                 0.0              2904.5
 2005       58            2        Pam+Kun             44773.1                 0.0              2904.5
 2006       58            2        Pam+Kun             37009.5                 0.0              2904.5
 2007       58            2        Pam+Kun             35652.9                 0.0              2904.5
 2008       58            2        Pam+Kun             32981.4                 0.0              2904.5
 2009       58            2        Pam+Kun             42919.7                 0.0              2904.5
 2010       58            2        Pam+Kun             41333.2                 0.0              2904.5
 2011       58            2        Pam+Kun             32711.2                 0.0              2904.5
 2012       58            2        Pam+Kun             47599.7                 0.0              2904.5
 2013       58            2        Pam+Kun             35555.6                 0.0              2904.5
 2014       58            2        Pam+Kun             39833.1                 0.0              2904.5
