 Year Numtiles Num_w_modice         Region    MODICE_area_km^2      MODICE_NS_km^2          water_km^2
 2000       58            1        Nov_Zem             18464.1                 2.4              3592.3
 2001       58            1        Nov_Zem             17486.5                 1.9              3592.3
 2002       58            1        Nov_Zem             18390.7                 0.9              3592.3
 2003       58            1        Nov_Zem             18138.7                 0.9              3592.3
 2004       58            1        Nov_Zem             17230.7                 1.1              3592.3
 2005       58            1        Nov_Zem             17862.8                 0.9              3592.3
 2006       58            1        Nov_Zem             18309.1                 1.1              3592.3
 2007       58            1        Nov_Zem             17603.7                 0.2              3592.3
 2008       58            1        Nov_Zem             17749.7                 0.6              3592.3
 2009       58            1        Nov_Zem             18754.1                 1.9              3592.3
 2010       58            1        Nov_Zem             18771.5                 0.6              3592.3
 2011       58            1        Nov_Zem             17846.9                 0.6              3592.3
 2012       58            1        Nov_Zem             18294.5                 0.6              3592.3
 2013       58            1        Nov_Zem             17212.4                 1.1              3592.3
 2014       58            1        Nov_Zem             19013.0                 0.0              3592.3
