 Year Numtiles Num_w_modice         Region    MODICE_area_km^2      MODICE_NS_km^2          water_km^2
 2000       58            3        Sev_Zem             10878.0                85.0              2605.1
 2001       58            3        Sev_Zem             10824.8                90.4              2605.1
 2002       58            3        Sev_Zem             10618.3                82.6              2605.1
 2003       58            3        Sev_Zem             11098.1                80.7              2605.1
 2004       58            3        Sev_Zem             10175.9                80.5              2605.1
 2005       58            3        Sev_Zem             10070.7                79.0              2605.1
 2006       58            3        Sev_Zem             10535.0                82.9              2605.1
 2007       58            3        Sev_Zem             11732.4                82.4              2605.1
 2008       58            3        Sev_Zem             10965.2                79.4              2605.1
 2009       58            3        Sev_Zem             10331.5                86.5              2605.1
 2010       58            3        Sev_Zem             10448.7                85.4              2605.1
 2011       58            3        Sev_Zem              9897.3                85.0              2605.1
 2012       58            3        Sev_Zem             10474.1                82.4              2605.1
 2013       58            3        Sev_Zem             11544.8                83.5              2605.1
 2014       58            3        Sev_Zem             11445.8                 0.0              2605.1
