 Year Numtiles Num_w_modice         Region    MODICE_area_km^2      MODICE_NS_km^2          water_km^2
 2000       58            5        Alaskag             97236.1                22.5             39474.7
 2001       58            5        Alaskag             87438.4                21.7             39474.7
 2002       58            5        Alaskag             77934.4                20.0             39474.7
 2003       58            5        Alaskag             71370.6                19.5             39474.7
 2004       58            5        Alaskag             62306.4                19.7             39474.7
 2005       58            5        Alaskag             70990.4                20.2             39474.7
 2006       58            5        Alaskag             78790.0                19.5             39474.7
 2007       58            5        Alaskag             73246.7                20.6             39474.7
 2008       58            5        Alaskag             93178.6                21.7             39474.7
 2009       58            5        Alaskag             68973.3                20.6             39474.7
 2010       58            5        Alaskag             63777.0                20.0             39474.7
 2011       58            5        Alaskag             77238.3                17.8             39474.7
 2012       58            5        Alaskag             85493.0                17.2             39474.7
 2013       58            5        Alaskag             66276.1                19.5             39474.7
 2014       58            5        Alaskag             69280.4                 0.0             39474.7
