 Year Numtiles Num_w_modice         Region    MODICE_area_km^2      MODICE_NS_km^2          water_km^2
 2000       58            7        NW_Amer             25864.9                 1.5             11484.9
 2001       58            6        NW_Amer             22831.1                 1.5             11484.9
 2002       58            5        NW_Amer             22831.5                 1.3             11484.9
 2003       58            5        NW_Amer             17251.5                 1.3             11484.9
 2004       58            5        NW_Amer             15041.1                 0.4             11484.9
 2005       58            5        NW_Amer             18378.9                 1.7             11484.9
 2006       58            6        NW_Amer             16537.3                 1.1             11484.9
 2007       58            6        NW_Amer             25406.8                 0.9             11484.9
 2008       58            6        NW_Amer             22809.0                 1.9             11484.9
 2009       58            5        NW_Amer             15719.2                 0.4             11484.9
 2010       58            5        NW_Amer             16708.4                 0.9             11484.9
 2011       58            6        NW_Amer             23143.6                 1.9             11484.9
 2012       58            7        NW_Amer             19852.3                 2.6             11484.9
 2013       58            6        NW_Amer             13826.8                 2.1             11484.9
 2014       58            6        NW_Amer             13506.1                 0.0             11484.9
