 Year Numtiles Num_w_modice         Region    MODICE_area_km^2      MODICE_NS_km^2          water_km^2
 2000       58            4        Ellesme             81634.3                43.8             18887.4
 2001       58            4        Ellesme             87312.0                47.0             18887.4
 2002       58            4        Ellesme             84377.8                41.6             18887.4
 2003       58            4        Ellesme             81390.6                43.4             18887.4
 2004       58            4        Ellesme             89719.6                43.4             18887.4
 2005       58            4        Ellesme             80634.6                42.9             18887.4
 2006       58            4        Ellesme             84899.2                46.6             18887.4
 2007       58            4        Ellesme             78539.7                40.4             18887.4
 2008       58            4        Ellesme             77498.7                47.4             18887.4
 2009       58            4        Ellesme             79492.8                41.0             18887.4
 2010       58            4        Ellesme             74825.5                39.1             18887.4
 2011       58            4        Ellesme             74545.4                45.3             18887.4
 2012       58            4        Ellesme             75783.7                46.8             18887.4
 2013       58            4        Ellesme             89829.7                42.7             18887.4
 2014       58            4        Ellesme             81926.4                 0.6             18887.4
